// A  ASCII 65
00011000
00100100
01000010
01000010
01111110
01000010
01000010
00000000
// B  ASCII 66
01111100
01000010
01000010
01111100
01000010
01000010
01111100
00000000
// C  ASCII 67
00111100
01000010
01000000
01000000
01000000
01000010
00111100
00000000
// D  ASCII 68
01111000
01000100
01000010
01000010
01000010
01000100
01111000
00000000
// E  ASCII 69
01111110
01000000
01000000
01111100
01000000
01000000
01111110
00000000
// F  ASCII 70
01111110
01000000
01000000
01111100
01000000
01000000
01000000
00000000
// G  ASCII 71
00111100
01000010
01000000
01011110
01000010
01000010
00111100
00000000
// H  ASCII 72
01000010
01000010
01000010
01111110
01000010
01000010
01000010
00000000
// I  ASCII 73
00111100
00011000
00011000
00011000
00011000
00011000
00111100
00000000
// J  ASCII 74
00011110
00000100
00000100
00000100
00000100
01000100
00111000
00000000
// K  ASCII 75
01000010
01000100
01001000
01110000
01001000
01000100
01000010
00000000
// L  ASCII 76
01000000
01000000
01000000
01000000
01000000
01000000
01111110
00000000
// M  ASCII 77
01000010
01100110
01011010
01000010
01000010
01000010
01000010
00000000
// N  ASCII 78
01000010
01100010
01010010
01001010
01000110
01000010
01000010
00000000
// O  ASCII 79
00111100
01000010
01000010
01000010
01000010
01000010
00111100
00000000
// P  ASCII 80
01111100
01000010
01000010
01111100
01000000
01000000
01000000
00000000
// Q  ASCII 81
00111100
01000010
01000010
01000010
01001010
01000100
00111010
00000000
// R  ASCII 82
01111100
01000010
01000010
01111100
01001000
01000100
01000010
00000000
// S  ASCII 83
00111100
01000010
01000000
00111100
00000010
01000010
00111100
00000000
// T  ASCII 84
01111110
00011000
00011000
00011000
00011000
00011000
00011000
00000000
// U  ASCII 85
01000010
01000010
01000010
01000010
01000010
01000010
00111100
00000000
// V  ASCII 86
01000010
01000010
01000010
00100100
00100100
00011000
00011000
00000000
// W  ASCII 87
01000010
01000010
01000010
01000010
01011010
01100110
01000010
00000000
// X  ASCII 88
01000010
00100100
00011000
00011000
00011000
00100100
01000010
00000000
// Y  ASCII 89
01000010
00100100
00011000
00011000
00011000
00011000
00011000
00000000
// Z  ASCII 90
01111110
00000100
00001000
00010000
00100000
01000000
01111110
00000000
// [  ASCII 91 (relleno)
00000000
00000000
00000000
00000000
00000000
00000000
00000000
00000000
// \  ASCII 92 (relleno)
00000000
00000000
00000000
00000000
00000000
00000000
00000000
00000000
// ]  ASCII 93 (relleno)
00000000
00000000
00000000
00000000
00000000
00000000
00000000
00000000
// ^  ASCII 94 (relleno)
00000000
00000000
00000000
00000000
00000000
00000000
00000000
00000000
// _  ASCII 95 (relleno)
00000000
00000000
00000000
00000000
00000000
00000000
11111111
00000000
// `  ASCII 96 (relleno)
00000000
00000000
00011000
00011000
00000000
00000000
00000000
00000000
